0,385
0,384
0,319
0,318
0,317
0,316
0,283
0,243
25,3
25,2
0,9
25,1
25,0
24,52
24,51
24,50
24,49
24,48
24,47
24,46
24,45
24,44
24,43
24,42
24,41
24,40
24,39
24,38
24,37
24,36
24,35
3,1
3,3
10,204
10,114
10,196
10,198
11,9
11,6
11,12
11,15
11,10
9,7
8,10
8,9
8,11
8,12
8,4
8,17
20,2
20,1
20,3
19,2
19,1
12,3
19,3
12,2
12,1
11,30
11,29
11,28
11,27
11,26
11,25
11,24
11,23
11,22
11,21
11,20
11,19
11,17
11,8
11,5
11,3
11,2
11,1
10,317
10,316
10,315
10,314
10,313
10,312
10,311
10,310
10,309
10,308
10,307
10,306
10,305
10,304
